pid, bursttime, arrivaltime, priority, turnaroundtime, waittime, responsetime, contextswitches
,,,,,,,10
4, 1, 0, 0, 1, 0, 0, 
6, 25, 0, 0, 26, 1, 1, 
3, 35, 0, 0, 61, 26, 26, 
1, 42, 0, 0, 103, 61, 61, 
8, 59, 0, 0, 162, 103, 103, 
9, 63, 0, 0, 225, 162, 162, 
10, 65, 0, 0, 290, 225, 225, 
2, 68, 0, 0, 358, 290, 290, 
5, 70, 0, 0, 428, 358, 358, 
7, 79, 0, 0, 507, 428, 428, 
