pid, bursttime, arrivaltime, priority, turnaroundtime, waittime, responsetime, contextswitches
,,,,,,,9
1, 1, 0, 1, 1, 0, 0
2, 2, 0, 1, 3, 1, 1
3, 3, 0, 1, 6, 3, 3
4, 4, 0, 1, 10, 6, 6
5, 5, 0, 1, 15, 10, 10
6, 6, 0, 1, 21, 15, 15
7, 7, 0, 1, 28, 21, 21
8, 8, 0, 1, 36, 28, 28
9, 9, 0, 1, 45, 36, 36
10, 10, 0, 1, 55, 45, 45
