pid, bursttime, arrivaltime, priority, turnaroundtime, waittime, responsetime, contextswitches
,,,,,,,10
4, 1, 0, 0, 1, 0, 0,
3, 35, 0, 0, 36, 1, 1,
6, 25, 0, 0, 61, 36, 36,
8, 59, 0, 0, 120, 61, 61,
1, 42, 0, 0, 162, 120, 120,
10, 65, 0, 0, 227, 162, 162,
2, 68, 0, 0, 295, 227, 227,
9, 63, 0, 0, 358, 295, 295,
5, 70, 0, 0, 428, 358, 358,
7, 79, 0, 0, 507, 428, 428,
